652,860
28,748
2,381,741
467.6
1,246,700
440
2,780,400
28,470
7,682,300
82,409
82,658
10,010
765.3
130,170
430
202,910
30,528
22,966
112,620
38,394
1,083,301
51,197
566,730
8,515,767
5,765
111,002
273,600
25,680
176,520
469,440
9,984,670
4,030
622,984
1,284,000
756,102
9,596,961
1,138,910
1,861
341,500
2,267,050
51,100
55,974
106,440
9,241
77,247
42,434
23,200
751
48,671
14,874
248,360
995,450
20,742
28,051
101,000
42,390
1,000,000
18,333
303,890
547,557
257,667
10,689
69,700
348,560
238,533
128,900
344
107,159
245,857
28,120
196,850
27,560
111,890
90,530
100,250
2,973,190
1,811,570
1,628,550
438,317
68,890
20,330
294,140
318,000
10,831
364,555
88,780
2,699,700
569,140
811
120,408
99,538
17,820
191,800
236,800
62,200
10,452
30,355
96,320
1,759,540
160
62,680
2,590
25,712
581,795
94,280
328,550
300
1,220,190
316
181.3
1,030,700
2,040
1,943,950
702
32,850
2.02
1,553,560
13,450
446,300
786,380
653,290
823,290
21
143,351
33,720
263,310
120,340
1,266,700
910,770
304,280
309,500
770,880
458
74,340
452,860
397,301
1,280,000
298,170
306,230
91,470
11,610
230,170
16,377,742
24,947
260
610
389
2,831
60.6
964
2,149,690
192,530
77,480
460
71,740
710.2
48,105
20,140
27,990
637,660
1,213,090
644,329
498,980
64,630
1,765,048
156,000
17,200
410,340
39,517
183,630
35,980
141,510
883,749
510,890
54,390
717
5,131
155,360
780,580
469,930
26
197,100
83,600
241,930
9,147,593
175,020
425,400
12,190
0.44
882,050
310,070
527,970
743,390
386,850


