41,291
2,926
45,567
77
33,158
103
47,077
2,937
25,593
8,945
10,135
417
1,679
182,405
287
9,413
11,751
409
13,544
844
12,335
3,285
2,524
224,695
479
6,662
22,399
13,153
18,472
32,706
38,110
562
5,883
19,912
19,873
1,393,601
51,888
915
5,852
105,520
5,511
4,021
11,118
1,209
10,848
5,896
988
77
11,759
1,381
17,747
105,527
6,856
1,528
4,652
1,266
124,908
935
5,951
67,458
2,429
2,292
3,936
83,149
31,072
10,433
114
19,690
13,480
1,880
794
11,164
9,448
9,750
354
1,366,417
276,361
88,628
41,179
5,233
9,515
60,273
30,419
2,841
126,490
10,269
19,190
62,072
125
25,549
52,334
4,754
6,924
7,735
1,912
7,881
2,374
5,303
6,884
38
2,712
618
2,098
29,830
21,947
33,617
486
20,052
537
53
5,924
1,391
140,450
113
2,692
39
3,287
622
36,678
32,532
57,771
2,750
12
31,542
17,738
5,448
7,520
24,706
260,895
5,560
5,549
250,419
18
4,541
9,676
7,217
36,577
116,894
37,383
10,374
439
19,565
139,955
14,789
54
182
111
199
34
220
38,555
20,886
7,097
107
9,934
6,314
5,543
2,189
690
15,972
68,951
12,665
47,750
22,350
47,295
610
1,406
10,571
8,439
23,742
23,728
10,786
70,570
69,928
8,535
99
1,398
12,383
87,751
6,321
11
49,524
10,022
68,916
352,912
3,509
35,646
330
0.8
30,282
105,664
31,259
19,213
14,611